72412407
73856555
74939308
71745397
76649161
76540272
74990457
62717876
60758821
74349885
79381820
77912370
76834229
62331352
74525723
71953490
75850345
70976945
75322940
76769368
61193681
75564078
76289436
74400918
76700751
73933595
77137870
71703784
75514999
72863638
72352611
72302168
73742509
74730780
71094331
71979453
77179926
77232875
71274154
60011849
73365639
76823965
74161363
60060505
60945832
71938693
73746389
74829774
74287116
74444657
78717079
61755546
72288497
71003055
74209671
62241219
74396869
74118658
72651787
77137834
73601674
73323809
74559785
74220304
76928455
71935739
76766395
73385752
76682745
72155196
73894130
60605778
60963139
76746680
76243149
73786983
72768052
75486042
60744001
75992148
75490021
76356185
78547712
74447482
73199002
76764763
60529246
73372564
75386542
60062517
77388000
72248338
75683098
71244707
75575549
75363238
71347692
74501860
71859698
60966029
72284142
73351196
77321545
60201426
74730152
73202517
73807662
77690081
90726991
74322606
75125445
75512632
75049878
77502431
78634266
73424303
75685941
76067168
74544574
77218172
76458854
73970711
75660022
77238878
71694934
74497543
77135887
72276553
76440610
72452880
73347283
78551086
71982531
73317558
70286614
77378306
75936015
72034047
76925544
60119229
76086296
72235190
73538492
73768585
75784885
73582755
74066001
73276327
76968343
60062096
60567301
74498797
76952143
76075798
71824505
73147461
77460996
76258951
77382068
61114401
77158245
73803060
76203678
72256617
77490846
73757832
72293315
76823639
71906017
60416693
73428306
72243828
75051538
77054040
76214307
77018097
72961102
77232874
62542848
61317218
73762445
76522365
73865247
71990813
71289430
61239361
73768834
76761995
73493203
77660820
77175374
73248767
74544821
71795034
62551870
73856662
62719748
75005690
73771892
76811859
63244899
76962769
63491692
60063350
60273717
75396580
76401553
90565570
75261251
76304800
61415321
72027627
76225133
71824124
76415390
74889032
73365127
72034700
76556936
75312923
75052733
73773303
76389585
73135780
60060646
77427342
72847329
60332116
76395334
74043143
74066002
71506910
77063198
76918055
74319459
76633058
77051349
61049544
72141324
74837268
73645102
76646958
62933543
73695006
72241408
60449835
76572527
60710275
62049383
76035792
77153580
72296402
60304303
76463806
76823418
75874811
76446575
75314240
77136875
71329608
73712511
71084172
60558595
73870480
71926761
75512630
60304306
76721860
76255437
72101044
74319686
75383241
75505470
73881305
72518920
72524207
71859618
76567404
77023749
76226096
74284518
76506560
73861969
76391265
72286456